1.13
2.1, 2.5, 2.8
3.3, 3.4, 3.9, 3.25
5.5, 5.17, 5.25, 5.44
6.3
7.3, 7.5, 7.18, 7.20, 7.21, 7.31, 7.35
8.6, 8.17, 8.20
9.1, 9.6, 9.7, 9.9
10.1, 10.4, 10.12
11.1, 11.4, 11.5, 11.7, 11.8, 11.9, 11.10, 11.12, 11.13, 11.14, 11.15, 11.16, 11.17
12.1, 12.2, 12.5, 12.11, 12.12
14.2, 14.5, 14.6, 14.9, 14.10, 14.12, 14.13, 14.14, 14.19, 14.21, 14.29
15.3, 15.5, 15.8, 15.9, 15.10, 15.14, 15.15, 15.17, 15.20, 15.24, 15.26, 15.29, 15.33, 15.34, 15.35
17.2, 17.5, 17.8, 17.11, 17.17, 17.20
18.3, 18.4, 18.5, 18.7, 18.9, 18.11, 18.12, 18.21, 18.25, 18.26, 18.28
19.1, 19.3, 19.5,
20.1, 20.2, 20.5, 20.9, 20.11, 20.16, 20.22, 20.23
21.1, 21.6
22.5, 22.7, 22.8
